1 54 0 50 1 14 2
1 19 3 8 0 10 1
0 59 0 20 2 39 0
0 12 0 57 1 27 3
0 47 0 17 1 49 3
0 63 2 53 2 41 2
1 51 3 1 2 63 1
1 38 1 7 2 53 1
1 17 0 39 0 17 0
1 2 0 23 1 38 1
1 54 0 50 1 14 2
1 19 3 8 0 10 1
0 59 0 20 2 39 0
0 12 0 57 1 27 3
0 47 0 17 1 49 3
0 63 2 53 2 41 2
1 51 3 1 2 63 1
1 38 1 7 2 53 1
1 17 0 39 0 17 0
1 2 0 23 1 38 1
1 54 0 50 1 14 2
1 19 3 8 0 10 1
0 59 0 20 2 39 0
0 12 0 57 1 27 3
0 47 0 17 1 49 3
0 63 2 53 2 41 2
1 51 3 1 2 63 1
1 38 1 7 2 53 1
1 17 0 39 0 17 0
1 2 0 23 1 38 1
1 54 0 50 1 14 2
1 19 3 8 0 10 1
0 59 0 20 2 39 0
0 12 0 57 1 27 3
0 47 0 17 1 49 3
0 63 2 53 2 41 2
1 51 3 1 2 63 1
1 38 1 7 2 53 1
1 17 0 39 0 17 0
1 2 0 23 1 38 1
1 54 0 50 1 14 2
1 19 3 8 0 10 1
0 59 0 20 2 39 0
0 12 0 57 1 27 3
0 47 0 17 1 49 3
0 63 2 53 2 41 2
1 51 3 1 2 63 1
1 38 1 7 2 53 1
1 17 0 39 0 17 0
1 2 0 23 1 38 1
1 15 3 46 3 30 3
1 29 0 2 3 37 2
1 27 3 20 0 15 3
0 32 3 17 2 47 0
1 21 1 55 1 0 1
0 30 1 25 3 25 0
0 63 2 51 2 49 3
0 0 2 50 1 54 3
1 37 3 39 3 33 2
0 33 3 8 0 24 1
1 50 1 58 1 35 1
1 20 1 17 1 55 3
0 45 2 57 3 49 0
0 18 2 46 0 2 2
0 26 3 47 0 21 1
1 56 3 8 1 12 1
0 3 0 24 1 34 1
0 20 2 18 2 48 0
0 50 2 14 1 13 2
1 34 3 23 3 62 3
1 54 0 50 1 14 2
1 19 3 8 0 10 1
0 59 0 20 2 39 0
0 12 0 57 1 27 3
0 47 0 17 1 49 3
0 63 2 53 2 41 2
1 51 3 1 2 63 1
1 38 1 7 2 53 1
1 17 0 39 0 17 0
1 2 0 23 1 38 1
1 54 0 50 1 14 2
1 19 3 8 0 10 1
0 59 0 20 2 39 0
0 12 0 57 1 27 3
0 47 0 17 1 49 3
0 63 2 53 2 41 2
1 51 3 1 2 63 1
1 38 1 7 2 53 1
1 17 0 39 0 17 0
1 2 0 23 1 38 1
0 10 1 10 2 21 2
1 56 3 3 0 37 1
0 22 1 13 0 11 3
1 24 1 47 3 1 2
0 63 1 62 2 30 0
0 52 2 23 0 29 2
0 3 3 42 1 4 3
1 15 3 55 3 44 2
0 45 0 56 1 17 2
1 48 2 15 0 40 2
1 54 0 50 1 14 2
1 19 3 8 0 10 1
0 59 0 20 2 39 0
0 12 0 57 1 27 3
0 47 0 17 1 49 3
0 63 2 53 2 41 2
1 51 3 1 2 63 1
1 38 1 7 2 53 1
1 17 0 39 0 17 0
1 2 0 23 1 38 1
0 6 0 8 1 47 2
0 51 2 3 2 61 2
1 41 0 12 3 12 0
0 30 3 59 2 57 2
0 34 0 2 0 48 2
1 31 0 19 2 38 2
0 35 1 61 1 49 1
0 62 2 40 0 9 3
0 2 1 28 0 29 2
0 13 0 61 0 36 0
0 11 3 18 2 56 3
1 41 1 31 3 39 3
1 48 2 45 2 23 1
1 52 3 35 1 15 1
1 52 1 43 3 24 1
1 16 1 41 2 38 0
1 13 0 37 1 58 2
1 18 0 6 2 3 2
0 19 3 53 3 60 1
0 21 2 51 1 43 0
1 54 0 50 1 14 2
1 19 3 8 0 10 1
0 59 0 20 2 39 0
0 12 0 57 1 27 3
0 47 0 17 1 49 3
0 63 2 53 2 41 2
1 51 3 1 2 63 1
1 38 1 7 2 53 1
1 17 0 39 0 17 0
1 2 0 23 1 38 1
1 17 1 1 2 53 2
1 47 0 11 1 20 1
0 24 3 16 3 6 1
0 3 2 56 0 5 3
1 48 0 29 2 45 2
0 34 0 60 1 60 3
1 17 0 27 1 20 3
0 26 0 6 1 23 2
1 28 1 51 0 49 0
0 30 2 47 0 50 3
0 46 2 37 3 10 0
0 30 3 60 1 27 2
0 50 0 12 2 42 3
1 27 3 41 2 61 0
0 47 3 12 1 53 1
1 0 1 5 2 28 2
1 56 0 46 2 5 2
1 47 1 20 2 8 1
0 5 2 63 0 25 3
1 15 1 46 3 46 0
1 54 0 50 1 14 2
1 19 3 8 0 10 1
0 59 0 20 2 39 0
0 12 0 57 1 27 3
0 47 0 17 1 49 3
0 63 2 53 2 41 2
1 51 3 1 2 63 1
1 38 1 7 2 53 1
1 17 0 39 0 17 0
1 2 0 23 1 38 1
1 54 0 50 1 14 2
1 19 3 8 0 10 1
0 59 0 20 2 39 0
0 12 0 57 1 27 3
0 47 0 17 1 49 3
0 63 2 53 2 41 2
1 51 3 1 2 63 1
1 38 1 7 2 53 1
1 17 0 39 0 17 0
1 2 0 23 1 38 1
1 11 2 5 3 58 3
1 63 1 38 2 38 2
1 46 0 61 3 14 0
1 39 0 56 2 5 3
1 51 3 51 2 17 0
1 11 3 47 3 24 1
1 62 0 50 0 8 0
1 22 0 6 1 52 2
0 57 1 57 1 0 0
1 17 0 45 1 15 0
1 54 0 50 1 14 2
1 19 3 8 0 10 1
0 59 0 20 2 39 0
0 12 0 57 1 27 3
0 47 0 17 1 49 3
0 63 2 53 2 41 2
1 51 3 1 2 63 1
1 38 1 7 2 53 1
1 17 0 39 0 17 0
1 2 0 23 1 38 1
1 54 0 50 1 14 2
1 19 3 8 0 10 1
0 59 0 20 2 39 0
0 12 0 57 1 27 3
0 47 0 17 1 49 3
0 63 2 53 2 41 2
1 51 3 1 2 63 1
1 38 1 7 2 53 1
1 17 0 39 0 17 0
1 2 0 23 1 38 1
0 39 1 33 1 1 0
1 9 0 48 3 48 2
1 37 1 17 2 26 2
1 27 3 55 0 27 0
1 43 0 49 2 49 3
0 51 3 9 0 43 2
0 27 0 57 0 37 2
1 0 0 42 3 11 1
1 39 1 17 2 5 2
0 55 1 28 2 60 2
0 39 0 2 3 16 3
1 54 1 34 2 26 1
1 37 2 24 0 52 1
0 57 0 3 0 1 3
0 62 1 1 1 37 3
0 54 3 44 0 4 2
0 30 3 51 0 10 3
0 62 1 47 3 33 2
0 34 1 2 0 23 3
0 60 3 46 2 6 2
1 54 0 50 1 14 2
1 19 3 8 0 10 1
0 59 0 20 2 39 0
0 12 0 57 1 27 3
0 47 0 17 1 49 3
0 63 2 53 2 41 2
1 51 3 1 2 63 1
1 38 1 7 2 53 1
1 17 0 39 0 17 0
1 2 0 23 1 38 1
1 54 0 50 1 14 2
1 19 3 8 0 10 1
0 59 0 20 2 39 0
0 12 0 57 1 27 3
0 47 0 17 1 49 3
0 63 2 53 2 41 2
1 51 3 1 2 63 1
1 38 1 7 2 53 1
1 17 0 39 0 17 0
1 2 0 23 1 38 1
0 10 1 0 1 4 3
1 14 3 61 0 52 0
0 21 2 44 3 48 2
0 7 2 30 3 57 0
0 63 3 20 1 16 1
0 20 0 31 3 7 1
1 59 1 51 0 40 3
0 24 2 32 3 0 2
0 57 2 24 0 49 1
1 1 2 52 2 10 3
1 54 0 50 1 14 2
1 19 3 8 0 10 1
0 59 0 20 2 39 0
0 12 0 57 1 27 3
0 47 0 17 1 49 3
0 63 2 53 2 41 2
1 51 3 1 2 63 1
1 38 1 7 2 53 1
1 17 0 39 0 17 0
1 2 0 23 1 38 1
1 18 0 40 1 58 0
0 34 3 38 2 9 2
1 9 0 59 2 14 0
0 0 1 60 1 3 0
1 13 3 16 3 52 1
1 46 1 11 0 16 1
0 26 3 35 3 59 2
0 9 2 32 1 51 0
1 54 0 34 0 16 3
1 4 0 16 2 1 3
0 17 0 12 3 3 3
1 62 1 53 0 0 1
1 51 2 28 2 62 3
0 14 2 17 2 30 2
0 31 1 6 0 10 2
0 13 1 43 0 15 0
0 15 1 37 2 39 2
0 38 1 26 0 51 0
1 17 2 11 0 11 2
0 21 0 60 3 38 3
1 54 0 50 1 14 2
1 19 3 8 0 10 1
0 59 0 20 2 39 0
0 12 0 57 1 27 3
0 47 0 17 1 49 3
0 63 2 53 2 41 2
1 51 3 1 2 63 1
1 38 1 7 2 53 1
1 17 0 39 0 17 0
1 2 0 23 1 38 1
1 53 3 3 0 61 0
0 36 2 51 2 43 1
1 30 1 6 3 7 1
1 19 3 0 0 8 0
1 46 0 58 3 43 1
1 40 2 45 1 16 0
1 60 2 22 2 39 0
0 47 2 41 2 17 1
0 25 2 54 3 10 0
0 53 2 17 2 20 3
1 36 3 2 0 13 1
1 53 1 5 0 35 2
0 53 0 16 2 62 2
0 8 3 0 1 37 2
1 57 1 6 1 48 1
0 62 2 57 3 23 2
1 59 0 61 0 4 1
0 2 0 20 2 11 1
0 48 3 35 1 56 2
0 40 3 4 2 21 1
1 44 3 48 3 40 1
1 44 3 22 3 15 2
1 26 3 1 2 38 1
1 30 3 57 3 2 2
1 23 3 7 3 55 3
1 31 1 2 3 32 0
0 47 3 52 1 2 1
1 41 2 6 3 41 3
0 43 1 60 2 57 3
0 48 2 49 3 31 3
0 63 0 21 2 15 1
1 17 2 10 2 25 0
0 2 0 16 2 13 0
0 6 3 54 2 10 3
1 41 3 32 1 39 1
1 54 2 15 3 60 1
0 21 2 4 0 58 0
0 7 1 54 2 48 1
0 58 0 10 0 47 2
1 22 3 36 0 29 3
1 54 0 50 1 14 2
1 19 3 8 0 10 1
0 59 0 20 2 39 0
0 12 0 57 1 27 3
0 47 0 17 1 49 3
0 63 2 53 2 41 2
1 51 3 1 2 63 1
1 38 1 7 2 53 1
1 17 0 39 0 17 0
1 2 0 23 1 38 1
1 54 0 50 1 14 2
1 19 3 8 0 10 1
0 59 0 20 2 39 0
0 12 0 57 1 27 3
0 47 0 17 1 49 3
0 63 2 53 2 41 2
1 51 3 1 2 63 1
1 38 1 7 2 53 1
1 17 0 39 0 17 0
1 2 0 23 1 38 1
0 25 1 22 3 55 2
1 49 2 13 0 15 3
0 0 0 11 2 5 1
0 52 3 43 3 30 0
1 59 3 43 0 16 1
1 7 3 10 0 10 3
1 25 3 55 1 11 2
0 16 3 50 1 22 2
0 52 2 39 3 49 3
0 2 0 7 1 48 2
0 58 1 51 3 4 2
1 16 1 1 0 4 3
1 27 1 53 3 63 1
1 49 0 3 3 4 2
0 52 0 62 2 6 1
0 10 0 47 2 9 0
1 13 3 32 0 53 2
0 52 3 55 1 35 2
0 39 0 21 0 33 3
0 39 1 12 1 33 3
0 42 3 7 3 15 3
0 4 1 24 0 48 3
0 19 1 54 3 13 3
1 46 3 33 1 36 2
1 5 1 19 3 21 2
0 36 1 6 0 63 2
0 47 1 62 3 54 1
0 4 0 21 2 31 2
0 3 0 15 0 14 2
1 35 0 30 3 61 0
1 60 3 15 0 48 2
1 39 3 45 3 3 2
1 35 0 37 2 29 0
1 43 2 38 2 18 0
1 16 1 4 0 44 3
0 28 1 39 3 36 0
0 40 2 12 3 15 1
1 44 2 32 3 60 3
1 15 3 58 3 52 2
1 32 1 36 1 51 3
1 54 0 50 1 14 2
1 19 3 8 0 10 1
0 59 0 20 2 39 0
0 12 0 57 1 27 3
0 47 0 17 1 49 3
0 63 2 53 2 41 2
1 51 3 1 2 63 1
1 38 1 7 2 53 1
1 17 0 39 0 17 0
1 2 0 23 1 38 1
1 54 0 50 1 14 2
1 19 3 8 0 10 1
0 59 0 20 2 39 0
0 12 0 57 1 27 3
0 47 0 17 1 49 3
0 63 2 53 2 41 2
1 51 3 1 2 63 1
1 38 1 7 2 53 1
1 17 0 39 0 17 0
1 2 0 23 1 38 1
1 54 0 50 1 14 2
1 19 3 8 0 10 1
0 59 0 20 2 39 0
0 12 0 57 1 27 3
0 47 0 17 1 49 3
0 63 2 53 2 41 2
1 51 3 1 2 63 1
1 38 1 7 2 53 1
1 17 0 39 0 17 0
1 2 0 23 1 38 1
0 23 0 47 3 54 3
0 5 0 60 1 18 0
0 15 3 45 2 47 3
1 35 1 40 0 55 0
1 42 0 1 1 56 0
1 46 3 11 0 24 3
1 42 0 46 1 7 3
1 54 3 20 2 40 1
0 31 1 31 1 33 0
1 25 1 12 0 60 3
0 20 3 33 3 3 3
0 10 3 16 1 46 0
1 22 1 57 2 43 0
1 12 0 10 2 9 2
0 6 2 42 2 13 3
1 16 3 18 2 6 2
1 52 2 54 2 40 3
0 19 3 0 3 0 2
1 9 1 51 3 15 1
0 28 1 3 0 4 1
1 54 0 50 1 14 2
1 19 3 8 0 10 1
0 59 0 20 2 39 0
0 12 0 57 1 27 3
0 47 0 17 1 49 3
0 63 2 53 2 41 2
1 51 3 1 2 63 1
1 38 1 7 2 53 1
1 17 0 39 0 17 0
1 2 0 23 1 38 1
1 54 0 50 1 14 2
1 19 3 8 0 10 1
0 59 0 20 2 39 0
0 12 0 57 1 27 3
0 47 0 17 1 49 3
0 63 2 53 2 41 2
1 51 3 1 2 63 1
1 38 1 7 2 53 1
1 17 0 39 0 17 0
1 2 0 23 1 38 1
0 10 3 34 2 62 0
0 38 0 9 1 15 1
0 15 3 30 1 52 1
0 3 3 18 3 24 2
1 28 3 18 2 35 0
0 33 0 44 3 20 1
0 36 2 24 3 18 2
0 6 0 53 2 55 3
1 15 1 53 3 9 3
1 44 3 53 1 7 1
1 54 0 50 1 14 2
1 19 3 8 0 10 1
0 59 0 20 2 39 0
0 12 0 57 1 27 3
0 47 0 17 1 49 3
0 63 2 53 2 41 2
1 51 3 1 2 63 1
1 38 1 7 2 53 1
1 17 0 39 0 17 0
1 2 0 23 1 38 1
1 54 0 50 1 14 2
1 19 3 8 0 10 1
0 59 0 20 2 39 0
0 12 0 57 1 27 3
0 47 0 17 1 49 3
0 63 2 53 2 41 2
1 51 3 1 2 63 1
1 38 1 7 2 53 1
1 17 0 39 0 17 0
1 2 0 23 1 38 1
0 28 3 20 0 21 0
1 39 3 0 2 43 1
0 34 0 33 1 26 2
0 35 1 45 3 24 2
0 32 3 48 0 26 0
0 48 0 47 3 19 3
1 62 0 61 0 33 3
1 59 1 45 2 19 2
1 43 0 9 3 0 1
1 26 1 3 2 45 3
1 54 0 50 1 14 2
1 19 3 8 0 10 1
0 59 0 20 2 39 0
0 12 0 57 1 27 3
0 47 0 17 1 49 3
0 63 2 53 2 41 2
1 51 3 1 2 63 1
1 38 1 7 2 53 1
1 17 0 39 0 17 0
1 2 0 23 1 38 1
1 54 0 50 1 14 2
1 19 3 8 0 10 1
0 59 0 20 2 39 0
0 12 0 57 1 27 3
0 47 0 17 1 49 3
0 63 2 53 2 41 2
1 51 3 1 2 63 1
1 38 1 7 2 53 1
1 17 0 39 0 17 0
1 2 0 23 1 38 1
0 1 2 39 3 7 1
0 40 0 49 3 57 3
1 12 1 46 0 54 3
1 54 0 11 0 45 2
1 26 1 61 3 36 0
1 43 1 59 3 13 0
0 7 3 55 3 5 1
1 59 0 15 1 12 2
1 57 0 28 3 42 1
1 14 2 10 1 7 1
1 54 0 50 1 14 2
1 19 3 8 0 10 1
0 59 0 20 2 39 0
0 12 0 57 1 27 3
0 47 0 17 1 49 3
0 63 2 53 2 41 2
1 51 3 1 2 63 1
1 38 1 7 2 53 1
1 17 0 39 0 17 0
1 2 0 23 1 38 1
1 54 0 50 1 14 2
1 19 3 8 0 10 1
0 59 0 20 2 39 0
0 12 0 57 1 27 3
0 47 0 17 1 49 3
0 63 2 53 2 41 2
1 51 3 1 2 63 1
1 38 1 7 2 53 1
1 17 0 39 0 17 0
1 2 0 23 1 38 1
1 54 0 50 1 14 2
1 19 3 8 0 10 1
0 59 0 20 2 39 0
0 12 0 57 1 27 3
0 47 0 17 1 49 3
0 63 2 53 2 41 2
1 51 3 1 2 63 1
1 38 1 7 2 53 1
1 17 0 39 0 17 0
1 2 0 23 1 38 1
0 21 1 2 0 61 1
1 2 2 59 1 58 2
0 6 0 47 3 12 0
0 54 1 1 0 35 3
1 43 0 9 0 2 3
0 63 0 11 1 34 2
0 28 0 44 2 52 3
1 1 3 52 3 13 1
0 48 1 57 3 17 3
1 19 2 55 2 19 3
1 54 0 50 1 14 2
1 19 3 8 0 10 1
0 59 0 20 2 39 0
0 12 0 57 1 27 3
0 47 0 17 1 49 3
0 63 2 53 2 41 2
1 51 3 1 2 63 1
1 38 1 7 2 53 1
1 17 0 39 0 17 0
1 2 0 23 1 38 1
1 54 0 50 1 14 2
1 19 3 8 0 10 1
0 59 0 20 2 39 0
0 12 0 57 1 27 3
0 47 0 17 1 49 3
0 63 2 53 2 41 2
1 51 3 1 2 63 1
1 38 1 7 2 53 1
1 17 0 39 0 17 0
1 2 0 23 1 38 1
1 53 1 17 2 26 1
0 14 1 22 3 0 2
1 13 3 3 2 0 0
1 18 3 53 1 14 0
0 33 3 11 2 57 1
0 19 2 29 1 51 3
1 52 1 56 1 60 3
1 61 3 25 3 55 2
0 5 2 44 2 42 0
0 35 1 37 2 47 2
1 35 1 8 3 50 0
0 46 3 24 3 51 1
0 42 3 47 3 57 3
1 35 3 17 2 40 2
0 24 0 20 3 45 0
0 31 1 42 2 24 2
1 11 3 52 1 50 3
0 44 2 57 3 18 3
0 58 1 18 2 58 2
1 39 3 31 3 32 2
1 56 0 14 0 0 2
1 50 1 30 2 36 3
0 54 2 4 0 36 2
1 30 1 16 1 0 0
0 32 2 33 0 6 0
0 6 2 22 1 24 0
1 60 3 5 2 46 1
0 18 0 37 0 29 2
1 29 2 2 1 32 3
1 38 3 50 1 6 0
0 30 0 61 2 7 3
0 53 0 46 3 44 0
1 9 2 45 2 48 3
1 16 2 57 2 38 3
1 44 3 9 2 47 3
0 54 2 48 0 22 2
1 3 2 43 0 60 0
1 44 3 22 0 25 3
1 63 2 22 3 45 0
1 28 3 25 3 49 1
1 54 0 50 1 14 2
1 19 3 8 0 10 1
0 59 0 20 2 39 0
0 12 0 57 1 27 3
0 47 0 17 1 49 3
0 63 2 53 2 41 2
1 51 3 1 2 63 1
1 38 1 7 2 53 1
1 17 0 39 0 17 0
1 2 0 23 1 38 1
1 54 0 50 1 14 2
1 19 3 8 0 10 1
0 59 0 20 2 39 0
0 12 0 57 1 27 3
0 47 0 17 1 49 3
0 63 2 53 2 41 2
1 51 3 1 2 63 1
1 38 1 7 2 53 1
1 17 0 39 0 17 0
1 2 0 23 1 38 1
1 7 0 50 2 26 1
1 23 1 10 3 60 0
0 22 0 51 1 42 1
1 24 1 54 0 16 0
1 1 1 6 1 1 1
1 28 2 42 3 12 0
0 8 1 54 2 5 1
0 47 3 53 3 28 3
0 45 3 3 2 21 2
1 22 3 11 2 25 1
1 37 2 28 2 63 2
0 4 0 0 3 47 1
1 11 1 55 0 28 2
1 49 0 30 0 7 1
0 33 3 32 2 9 0
0 8 2 1 0 10 1
1 57 3 58 1 24 1
1 52 0 36 2 48 3
0 56 0 40 1 11 0
1 20 0 20 0 19 1
0 29 2 40 3 13 2
0 37 0 25 2 0 2
0 48 1 46 0 45 2
1 57 3 33 1 35 1
0 54 2 18 0 32 2
1 46 1 7 3 49 0
1 49 2 45 1 31 3
0 13 2 11 2 17 0
1 52 1 61 3 43 0
1 12 2 42 2 39 1
1 24 1 59 1 48 0
1 15 0 53 0 54 0
0 7 1 54 3 14 3
0 58 3 37 2 14 3
0 53 0 13 2 18 0
1 2 1 2 1 53 3
0 43 0 16 2 37 2
1 51 2 20 1 61 1
1 11 1 51 1 9 1
1 27 1 38 1 58 1
1 47 0 29 2 24 1
0 61 0 58 1 46 2
0 43 3 18 3 16 1
0 26 2 7 1 16 1
1 10 2 2 2 55 3
0 15 0 33 1 0 3
0 46 1 28 2 48 2
1 1 0 9 3 58 0
0 10 1 35 1 20 1
1 11 0 35 2 17 0
1 54 0 50 1 14 2
1 19 3 8 0 10 1
0 59 0 20 2 39 0
0 12 0 57 1 27 3
0 47 0 17 1 49 3
0 63 2 53 2 41 2
1 51 3 1 2 63 1
1 38 1 7 2 53 1
1 17 0 39 0 17 0
1 2 0 23 1 38 1
1 17 3 37 0 8 2
0 57 0 43 2 36 0
1 31 0 37 1 1 1
0 21 2 13 0 51 1
1 4 1 34 1 21 0
1 29 2 47 2 58 2
0 31 2 37 2 18 3
1 20 0 38 1 2 3
0 53 0 5 1 26 3
1 47 3 36 0 57 0
1 54 0 50 1 14 2
1 19 3 8 0 10 1
0 59 0 20 2 39 0
0 12 0 57 1 27 3
0 47 0 17 1 49 3
0 63 2 53 2 41 2
1 51 3 1 2 63 1
1 38 1 7 2 53 1
1 17 0 39 0 17 0
1 2 0 23 1 38 1
1 52 2 51 3 61 1
1 15 0 56 3 56 2
1 58 2 23 0 54 0
1 16 3 56 3 51 1
0 44 1 47 0 31 2
1 28 3 4 0 31 1
1 23 3 28 2 45 3
0 36 3 43 0 19 0
0 6 1 0 2 50 3
1 17 1 6 2 13 3
1 54 0 50 1 14 2
1 19 3 8 0 10 1
0 59 0 20 2 39 0
0 12 0 57 1 27 3
0 47 0 17 1 49 3
0 63 2 53 2 41 2
1 51 3 1 2 63 1
1 38 1 7 2 53 1
1 17 0 39 0 17 0
1 2 0 23 1 38 1
0 44 0 41 0 35 2
0 17 1 24 1 9 3
1 28 3 29 2 40 1
0 26 0 39 0 30 2
0 43 1 52 3 1 1
1 36 3 49 1 29 1
0 38 1 20 2 52 1
0 29 3 56 3 27 0
1 57 2 61 0 7 1
0 8 3 23 0 50 1
1 54 0 50 1 14 2
1 19 3 8 0 10 1
0 59 0 20 2 39 0
0 12 0 57 1 27 3
0 47 0 17 1 49 3
0 63 2 53 2 41 2
1 51 3 1 2 63 1
1 38 1 7 2 53 1
1 17 0 39 0 17 0
1 2 0 23 1 38 1
0 15 2 12 1 31 0
1 20 2 27 1 33 0
0 60 0 12 2 2 1
0 9 3 22 1 10 2
1 60 3 31 0 9 0
1 41 0 57 1 30 0
0 63 0 22 0 28 2
0 30 0 12 3 39 3
0 49 1 54 1 8 1
1 17 1 59 2 14 0
1 44 0 37 0 49 0
0 13 2 26 0 10 2
1 49 1 12 2 26 2
0 34 3 9 0 25 0
0 39 0 38 3 1 3
1 50 3 39 3 38 1
1 48 0 63 2 49 3
0 12 1 20 2 36 2
0 61 2 17 0 27 3
0 28 2 55 2 10 3
1 54 0 50 1 14 2
1 19 3 8 0 10 1
0 59 0 20 2 39 0
0 12 0 57 1 27 3
0 47 0 17 1 49 3
0 63 2 53 2 41 2
1 51 3 1 2 63 1
1 38 1 7 2 53 1
1 17 0 39 0 17 0
1 2 0 23 1 38 1
1 54 0 50 1 14 2
1 19 3 8 0 10 1
0 59 0 20 2 39 0
0 12 0 57 1 27 3
0 47 0 17 1 49 3
0 63 2 53 2 41 2
1 51 3 1 2 63 1
1 38 1 7 2 53 1
1 17 0 39 0 17 0
1 2 0 23 1 38 1
1 48 0 57 0 8 0
0 58 3 7 2 16 3
0 52 1 23 2 28 0
0 55 3 14 3 33 2
1 43 1 46 3 5 3
0 14 3 62 0 34 1
0 50 1 2 3 26 1
1 54 1 47 1 32 2
0 2 0 33 1 41 0
1 46 3 5 0 23 3
1 54 0 50 1 14 2
1 19 3 8 0 10 1
0 59 0 20 2 39 0
0 12 0 57 1 27 3
0 47 0 17 1 49 3
0 63 2 53 2 41 2
1 51 3 1 2 63 1
1 38 1 7 2 53 1
1 17 0 39 0 17 0
1 2 0 23 1 38 1
1 54 0 50 1 14 2
1 19 3 8 0 10 1
0 59 0 20 2 39 0
0 12 0 57 1 27 3
0 47 0 17 1 49 3
0 63 2 53 2 41 2
1 51 3 1 2 63 1
1 38 1 7 2 53 1
1 17 0 39 0 17 0
1 2 0 23 1 38 1
1 54 0 50 1 14 2
1 19 3 8 0 10 1
0 59 0 20 2 39 0
0 12 0 57 1 27 3
0 47 0 17 1 49 3
0 63 2 53 2 41 2
1 51 3 1 2 63 1
1 38 1 7 2 53 1
1 17 0 39 0 17 0
1 2 0 23 1 38 1
1 54 0 50 1 14 2
1 19 3 8 0 10 1
0 59 0 20 2 39 0
0 12 0 57 1 27 3
0 47 0 17 1 49 3
0 63 2 53 2 41 2
1 51 3 1 2 63 1
1 38 1 7 2 53 1
1 17 0 39 0 17 0
1 2 0 23 1 38 1
0 57 1 18 0 42 1
1 4 2 44 3 48 3
0 16 1 41 2 29 2
0 6 2 9 1 18 2
1 41 1 54 2 26 0
0 4 1 33 1 12 1
0 60 1 44 0 2 1
1 32 0 31 2 58 0
1 12 2 13 1 7 3
0 34 3 38 2 41 0
1 53 1 51 1 62 0
1 1 1 28 1 21 3
1 16 3 35 0 25 0
0 33 3 42 3 62 0
1 39 0 25 0 46 0
1 44 0 11 1 34 3
0 55 3 22 3 6 1
0 32 1 54 1 28 0
0 26 0 45 2 9 2
0 55 3 44 3 63 3
1 33 2 31 1 1 1
0 8 2 4 0 23 2
1 51 2 45 2 11 2
0 20 1 46 3 52 2
0 51 1 63 1 48 3
0 49 0 14 1 3 3
1 26 1 10 2 40 3
0 51 2 44 3 51 2
0 39 1 0 2 6 0
-1 47 2 31 1 40 3
