1 82 2 2 0 27 0
0 29 1 98 2 82 3
0 4 2 79 3 57 1
1 57 1 20 2 45 0
0 16 1 93 2 95 0
0 22 0 57 3 37 3
1 20 2 63 0 60 2
1 17 3 39 3 41 3
1 38 3 97 2 88 3
1 83 3 35 1 35 0
0 72 3 62 0 29 1
1 90 0 80 3 79 3
0 72 3 59 3 98 1
1 87 0 70 2 39 2
0 26 2 92 2 6 2
1 87 0 20 1 4 0
1 83 0 79 0 99 3
1 97 0 84 0 96 3
1 87 1 43 1 19 3
1 77 2 10 1 30 2
0 34 3 87 1 3 3
1 54 2 92 3 54 1
0 2 0 3 1 1 2
0 72 1 17 2 79 0
1 9 2 65 3 93 1
1 48 0 38 2 78 3
0 32 0 98 2 0 1
1 1 3 29 1 84 2
1 16 2 46 1 89 0
1 34 1 86 3 37 0
1 67 3 95 3 23 1
1 75 2 12 0 97 1
0 34 3 81 2 18 0
1 7 0 48 1 9 2
0 98 3 18 1 74 1
0 50 3 53 1 9 1
0 7 2 8 1 97 1
1 15 1 70 2 65 3
0 26 1 0 0 72 2
1 47 0 57 1 95 2
0 4 3 28 3 85 0
0 35 2 99 2 55 2
1 73 1 49 3 2 1
0 75 0 65 2 56 3
1 51 1 45 3 13 2
1 98 2 79 1 96 3
0 52 1 65 1 46 2
0 48 3 0 3 35 2
1 91 1 68 2 78 2
0 43 0 77 2 54 0
1 3 3 15 3 92 0
0 90 2 56 3 14 1
0 49 3 16 1 72 0
1 2 2 93 2 94 2
0 1 3 19 0 70 3
1 15 3 91 1 18 3
0 84 0 67 1 87 3
0 11 3 18 2 26 3
0 20 2 52 1 13 3
1 83 2 88 2 30 3
0 0 3 56 0 91 3
1 31 2 48 2 82 2
0 8 1 68 0 11 0
0 76 0 31 0 2 0
0 32 3 18 0 86 3
0 78 2 38 1 61 2
1 43 0 60 3 33 0
1 97 1 33 1 45 1
1 99 1 48 0 92 2
0 79 1 85 1 44 3
0 5 1 73 0 65 1
1 98 2 82 3 19 0
1 16 1 6 3 22 2
1 14 1 16 1 18 1
0 14 0 24 3 37 2
1 2 3 74 0 49 1
0 20 1 21 0 62 3
0 36 2 51 2 11 3
0 81 0 2 0 48 3
1 85 1 95 3 60 1
0 62 2 92 2 7 1
1 21 0 23 1 30 2
0 93 2 8 3 66 2
1 15 1 98 0 70 1
0 83 3 36 1 49 0
1 9 1 50 2 37 1
0 20 0 0 1 94 0
0 12 2 19 3 68 2
0 90 3 24 1 86 0
0 88 0 2 1 85 0
1 22 2 19 2 30 3
0 76 3 52 0 6 0
0 74 2 0 0 13 0
0 0 0 12 0 80 2
1 65 3 16 3 1 0
0 31 3 94 3 39 2
1 97 2 15 3 68 3
1 82 3 29 2 83 2
0 63 0 11 0 83 3
-1 72 0 15 2 67 3
