1 38 2 2 0 16 0
1 72 3 4 3 23 0
1 68 0 48 3 4 0
0 52 0 66 1 5 1
0 63 0 81 1 54 3
1 71 3 91 3 42 3
0 18 3 39 2 27 0
0 84 0 58 0 92 0
0 97 1 14 0 5 3
1 59 3 31 2 26 2
0 69 1 60 3 41 0
1 20 0 27 0 92 1
1 84 1 59 2 6 1
0 11 0 60 3 3 3
1 30 1 87 3 90 0
0 83 0 67 0 44 3
0 36 0 9 0 50 0
0 8 1 5 0 66 1
1 21 0 4 3 81 0
0 23 0 96 3 96 0
1 92 3 79 0 99 1
0 49 1 11 2 55 0
0 21 1 29 2 45 1
0 78 1 4 1 21 1
0 69 1 27 1 84 3
1 35 0 46 1 9 1
1 64 1 29 1 10 2
0 7 3 30 1 21 2
0 42 3 99 0 60 2
1 44 1 67 0 33 1
1 43 2 64 3 47 1
1 57 3 29 0 94 3
1 67 1 39 2 37 2
0 49 1 99 2 50 2
0 36 3 43 3 57 3
0 4 0 35 1 7 0
1 53 3 82 1 73 2
1 62 0 57 3 29 0
1 80 3 35 0 14 2
1 72 1 85 0 45 1
0 52 1 23 2 13 2
1 38 0 62 0 44 3
1 74 3 25 2 62 0
0 77 3 21 1 84 2
1 30 3 71 2 69 3
0 34 1 71 0 85 1
0 29 0 95 3 92 0
1 54 1 87 3 28 0
0 64 3 14 2 50 1
1 71 0 21 1 37 1
1 22 2 9 0 91 1
1 35 1 73 1 14 0
1 94 1 9 3 40 3
1 42 1 86 2 41 0
1 31 1 53 1 39 2
1 30 3 69 1 53 2
1 67 2 32 2 75 1
1 67 1 30 2 26 1
0 19 1 95 2 86 0
0 25 3 65 0 90 2
1 43 0 32 3 35 0
1 10 2 54 2 75 0
0 53 1 64 0 34 3
1 20 0 31 2 83 0
0 73 3 79 1 11 0
0 46 0 61 1 90 3
1 17 3 79 2 9 3
1 95 2 70 0 74 1
0 57 1 20 3 32 3
0 44 3 36 2 48 1
1 38 0 42 0 67 1
0 76 0 77 0 31 3
0 5 0 6 3 2 2
0 86 1 2 2 93 2
1 41 3 28 3 51 3
1 70 0 74 3 17 3
1 48 3 11 1 55 1
0 57 3 22 0 72 0
0 17 2 3 2 53 0
0 56 3 85 3 99 3
0 16 3 97 0 14 0
0 21 1 94 3 24 1
1 48 1 53 2 60 1
0 65 1 22 2 44 0
1 95 3 79 0 34 0
0 0 0 54 2 69 1
1 45 2 80 1 11 1
1 23 2 40 1 83 2
1 27 2 68 3 94 3
1 28 3 71 1 19 2
1 88 3 56 1 45 0
0 56 1 90 0 64 2
1 47 0 88 3 19 0
0 13 3 93 1 86 0
0 5 2 29 1 69 1
0 14 1 8 3 95 2
1 59 0 80 2 77 0
1 96 0 91 1 35 0
0 73 1 33 2 95 2
-1 23 1 0 1 79 1
